0.000000	7.3
0.001652	4.4
0.001890	4.2
0.002048	4.5
0.002455	5.2
0.002933	3.8
0.003422	4.2
0.003651	4.0
0.004033	3.3
0.004396	5.0
0.005003	3.6
0.005305	3.8
0.012113	3.2
0.012714	3.1
0.012822	3.8
0.013472	2.8
0.013806	2.7
0.014119	3.8
0.014391	3.1
0.014793	3.5
0.015055	3.3
0.015652	3.1
0.016059	3.1
0.016270	3.5
0.016781	2.7
0.017300	2.9
0.017569	2.5
0.017953	2.8
0.019525	3.8
0.020216	2.9
0.020693	3.2
0.020952	2.6
0.021979	3.6
0.022168	2.7
0.022487	2.5
0.022998	3.3
0.023056	3.6
0.023799	3.2
0.024491	3.0
0.024889	3.4
0.025405	3.6
0.026052	3.2
0.026885	3.1
0.026969	2.7
0.027965	2.2
0.028050	2.9
0.028236	2.8
0.028429	3.1
0.028609	2.7
0.028934	2.8
0.029120	2.5
0.029260	5.0
0.030730	3.3
0.032207	3.9
0.032702	3.1
0.033735	3.2
0.034251	2.4
0.034554	3.2
0.034820	2.8
0.035108	3.4
0.036184	2.4
0.036479	2.5
0.036818	3.2
0.037359	4.0
0.038250	3.1
0.038845	4.5
0.038918	4.6
0.039518	3.3
0.043065	2.7
0.043469	4.1
0.045010	2.7
0.045259	3.0
0.045711	2.6
0.045730	2.6
0.046112	2.8
0.046931	2.5
0.047021	4.4
0.047748	3.1
0.048223	2.5
0.049105	2.1
0.049858	2.2
0.050703	2.6
0.051211	4.4
0.054808	2.8
0.055101	2.6
0.057591	3.1
0.058864	2.3
0.058916	2.6
0.059268	2.5
0.059574	2.4
0.060169	2.2
0.060774	2.0
0.061052	2.6
0.061590	2.2
0.062616	2.8
0.062842	2.6
0.063427	2.8
0.064713	3.1
0.065409	2.5
0.066764	2.2
0.067088	2.6
0.067575	2.4
0.067841	2.8
0.068599	2.7
0.069070	3.4
0.070325	3.9
0.070445	3.4
0.071541	2.7
0.071761	2.9
0.072808	3.3
0.075500	2.8
0.075669	2.6
0.076818	2.2
0.077351	3.5
0.077598	5.4
0.079421	2.5
0.080748	2.6
0.083155	2.0
0.083976	4.2
0.084815	2.5
0.085163	3.0
0.088628	2.0
0.089239	2.8
0.089929	3.6
0.090541	4.1
0.093113	2.8
0.094394	2.6
0.094767	3.3
0.095337	2.7
0.095752	3.0
0.097672	2.2
0.097859	2.4
0.097990	2.6
0.099806	2.3
0.100034	2.0
0.100552	3.7
0.101373	2.5
0.101633	3.3
0.101803	3.3
0.102016	2.7
0.102911	2.9
0.103079	4.0
0.104104	2.8
0.107597	4.2
0.108418	3.0
0.110959	3.4
0.111437	3.5
0.112773	2.6
0.113719	4.8
0.118229	3.3
0.119220	2.5
0.121830	2.2
0.122115	2.6
0.122546	2.3
0.123287	2.9
0.123716	2.3
0.124214	2.5
0.124427	2.6
0.124561	2.8
0.125935	4.1
0.126888	2.6
0.127467	2.0
0.128249	2.2
0.128599	2.2
0.128824	2.7
0.129155	2.4
0.129523	2.3
0.129797	2.9
0.132361	2.0
0.132960	4.7
0.134374	2.8
0.134610	2.7
0.134797	2.9
0.135113	4.2
0.135938	2.3
0.136288	2.6
0.141370	2.1
0.141699	2.4
0.142067	1.7
0.142190	2.4
0.142364	1.9
0.142778	1.9
0.143172	1.9
0.143483	2.4
0.144107	2.7
0.144640	2.4
0.145858	2.1
0.146338	2.1
0.146529	2.8
0.147455	2.2
0.147990	3.7
0.148424	2.7
0.150864	2.2
0.151704	2.8
0.151916	2.3
0.153044	2.4
0.153264	1.9
0.153639	3.1
0.154766	2.3
0.155217	2.5
0.155350	2.2
0.155622	2.1
0.155917	2.3
0.156112	2.1
0.156477	1.8
0.157007	2.5
0.157296	1.8
0.157564	2.0
0.159964	1.7
0.160241	1.7
0.160599	2.3
0.160732	2.7
0.161128	2.1
0.161491	2.7
0.161944	2.0
0.162164	2.8
0.163141	3.2
0.167507	3.0
0.168076	2.3
0.168230	2.6
0.169577	2.8
0.170546	2.3
0.170638	2.6
0.171260	2.3
0.172814	2.6
0.173296	2.7
0.173791	2.2
0.174270	2.0
0.174639	4.2
0.175256	3.0
0.175543	2.7
0.175883	2.2
0.176168	2.1
0.176683	2.0
0.177015	1.7
0.182180	2.4
0.182309	2.2
0.183138	2.2
0.184152	3.2
0.184433	2.3
0.185782	2.1
0.187617	1.8
0.188157	2.9
0.188923	1.4
0.189803	2.1
0.189959	2.1
0.190103	2.4
0.190167	2.4
0.190961	2.5
0.191651	2.6
0.192289	1.9
0.192746	2.4
0.193366	1.8
0.194757	2.4
0.194841	3.4
0.196621	2.4
0.197390	1.8
0.197985	2.6
0.198638	2.6
0.198884	2.3
0.202198	2.1
0.202586	2.1
0.202798	1.6
0.203478	1.9
0.203937	1.7
0.204651	2.4
0.205930	2.2
0.206783	2.0
0.207464	1.7
0.207901	2.2
0.208358	2.5
0.209897	2.3
0.210219	2.1
0.211121	2.6
0.211736	2.1
0.212135	2.5
0.212817	2.1
0.214173	3.0
0.215049	2.4
0.215493	2.1
0.218195	2.3
0.218553	2.8
0.218964	2.2
0.219658	2.5
0.225417	2.0
0.228844	2.0
0.229659	1.9
0.230289	2.5
0.230525	3.2
0.231684	2.8
0.232636	1.8
0.232917	2.2
0.234347	3.6
0.235466	1.5
0.236487	2.5
0.237054	1.8
0.237512	1.6
0.237740	1.5
0.238027	1.6
0.238170	1.2
0.238345	2.4
0.238533	2.0
0.239037	1.6
0.239297	3.0
0.240025	1.8
0.240608	1.9
0.240977	1.9
0.241273	3.1
0.241388	4.2
0.246029	1.7
0.246127	1.7
0.246178	1.9
0.246390	1.6
0.246601	2.1
0.247036	2.4
0.247465	1.9
0.248904	1.9
0.249088	2.0
0.249350	1.8
0.249728	2.0
0.249948	2.0
0.250220	2.0
0.251715	2.4
0.252061	1.6
0.252580	2.3
0.255720	2.3
0.255793	1.8
0.256094	1.7
0.256233	1.8
0.257670	2.0
0.258973	1.3
0.259261	3.4
0.260863	2.5
0.262178	1.9
0.262239	1.9
0.262509	2.2
0.263026	2.2
0.263734	2.5
0.264333	1.9
0.264586	2.2
0.264662	2.6
0.269144	1.5
0.269364	2.0
0.270283	1.4
0.270712	2.1
0.270879	2.4
0.271343	1.4
0.272397	1.9
0.272600	2.0
0.272944	2.6
0.273184	2.5
0.273832	2.2
0.274181	1.5
0.275483	1.7
0.276013	2.1
0.276616	3.5
0.277448	2.1
0.278048	2.0
0.279047	2.0
0.281555	4.2
0.281862	3.1
0.282975	2.9
0.290126	2.0
0.290597	1.7
0.291027	1.7
0.291354	1.9
0.291553	2.0
0.292332	2.0
0.293398	2.4
0.293800	2.1
0.295097	3.8
0.296462	2.2
0.297841	3.0
0.298806	2.9
0.299759	1.9
0.300037	2.6
0.300837	3.1
0.301631	2.1
0.303025	1.7
0.303415	2.8
0.304136	3.3
0.304529	4.8
0.306497	2.3
0.306781	1.8
0.309740	2.3
0.310059	2.0
0.310737	2.8
0.314982	3.0
0.315339	2.2
0.316578	2.8
0.316859	2.0
0.322561	2.3
0.325137	1.7
0.325461	1.6
0.325695	3.4
0.326498	1.8
0.330272	1.7
0.330755	2.1
0.334423	2.5
0.334642	2.5
0.335887	2.1
0.336070	2.2
0.336191	3.6
0.339135	2.1
0.339745	2.1
0.340026	1.7
0.340437	1.7
0.340692	2.2
0.343127	2.6
0.343314	2.6
0.344544	1.9
0.345266	1.7
0.345658	3.9
0.346819	2.0
0.347680	3.0
0.353341	2.5
0.354160	2.8
0.356395	2.6
0.360926	1.8
0.363519	3.7
0.364340	2.5
0.364703	1.8
0.367501	2.3
0.367676	2.1
0.371871	1.7
0.374870	1.8
0.376953	1.7
0.377104	2.0
0.379000	2.3
0.379433	2.2
0.379690	1.6
0.383566	1.7
0.384810	2.3
0.387369	2.1
0.387943	2.0
0.391258	2.1
0.391761	1.8
0.391927	2.4
0.392794	2.2
0.393868	2.6
0.394257	1.6
0.395729	2.4
0.396452	1.7
0.399358	2.4
0.399637	1.7
0.400277	1.2
0.400597	2.6
0.400598	2.5
0.402004	1.3
0.402273	1.4
0.402546	1.1
0.402756	1.1
0.403034	2.3
0.405495	1.2
0.405567	1.7
0.405903	2.1
0.406117	1.6
0.406450	1.1
0.406549	1.4
0.408189	1.4
0.408801	2.1
0.408993	2.2
0.409727	1.4
0.409920	2.0
0.411332	2.1
0.412648	2.1
0.413247	1.4
0.415037	1.9
0.415383	2.7
0.415851	2.5
0.417702	1.5
0.418346	2.7
0.418514	2.0
0.421734	2.4
0.422604	1.6
0.426568	1.5
0.427223	2.8
0.427716	2.7
0.428249	1.4
0.428666	3.3
0.429757	1.6
0.431188	1.1
0.431616	2.2
0.431779	1.9
0.434797	1.2
0.435261	1.6
0.435560	1.2
0.435886	1.8
0.436315	0.9
0.437807	2.1
0.438240	1.3
0.439710	1.5
0.439874	2.0
0.440382	1.7
0.440806	1.2
0.441413	3.0
0.442465	3.4
0.442892	2.6
0.444911	1.2
0.445101	2.4
0.445495	1.7
0.446948	1.9
0.449753	2.4
0.450183	2.9
0.452563	2.6
0.453320	2.2
0.454955	1.8
0.455237	2.0
0.457848	2.1
0.458653	2.4
0.460662	2.3
0.462112	1.8
0.467045	2.3
0.470151	2.2
0.470420	3.1
0.474800	2.7
0.475826	2.1
0.475990	2.2
0.479094	1.0
0.479470	1.5
0.479693	1.8
0.480586	3.3
0.481396	2.4
0.482136	1.8
0.487099	1.3
0.487383	1.4
0.487568	2.1
0.488251	1.0
0.488366	1.3
0.488992	1.2
0.489049	1.4
0.489428	1.0
0.489835	2.1
0.490254	1.7
0.492117	1.4
0.492545	1.4
0.492772	1.8
0.493245	1.0
0.493572	2.0
0.493853	1.5
0.493978	1.7
0.494628	2.0
0.494773	1.4
0.495015	1.7
0.495445	2.4
0.498016	1.0
0.498507	1.8
0.499103	2.1
0.499555	0.9
0.501230	1.8
0.501750	2.3
0.502778	1.6
0.503122	2.2
0.503991	1.5
0.505208	1.6
0.506715	1.3
0.507395	1.8
0.507994	1.4
0.509119	1.4
0.509364	1.5
0.509825	3.8
0.510856	1.8
0.512392	2.6
0.512949	1.4
0.513454	2.6
0.515122	1.6
0.515461	1.2
0.515729	1.9
0.518127	1.9
0.518819	1.2
0.519663	0.9
0.520401	2.3
0.524006	1.2
0.524683	2.2
0.525922	3.6
0.527636	1.9
0.530307	1.8
0.534253	1.5
0.534792	2.1
0.535549	2.1
0.536581	1.7
0.537009	1.2
0.542481	1.2
0.542997	1.5
0.543167	2.3
0.543455	1.8
0.547125	1.5
0.547457	1.9
0.548090	2.1
0.548767	1.2
0.551615	1.3
0.552335	1.6
0.552616	1.2
0.552819	0.8
0.553332	1.7
0.553772	1.0
0.554306	1.7
0.557869	1.5
0.558165	1.4
0.558553	2.0
0.559075	1.6
0.559536	1.6
0.559743	3.2
0.560822	0.9
0.561513	1.7
0.561826	1.0
0.562312	3.2
0.564879	2.0
0.566151	1.9
0.567086	1.3
0.567409	1.6
0.567504	1.7
0.569181	1.3
0.569391	1.6
0.569843	3.4
0.574077	2.1
0.574419	2.0
0.575742	1.0
0.576030	1.3
0.576486	2.2
0.580743	2.4
0.581601	2.3
0.582032	1.8
0.583239	3.1
0.583766	2.9
0.585482	1.9
0.588003	3.5
0.589565	2.4
0.590342	1.7
0.594071	2.6
0.594670	1.3
0.595644	1.8
0.596995	2.4
0.598229	1.6
0.598340	2.2
0.599057	1.5
0.601525	1.3
0.601704	1.7
0.601989	2.4
0.606199	1.9
0.606351	2.1
0.608342	2.8
0.609336	2.2
0.609746	1.5
0.610299	2.4
0.610683	1.8
0.612098	1.7
0.612940	1.5
0.613639	2.3
0.614579	1.9
0.619718	1.1
0.620116	2.6
0.622402	2.0
0.626214	1.3
0.626524	1.5
0.626791	2.3
0.627159	1.5
0.628738	1.3
0.629562	1.5
0.629986	2.1
0.634100	1.9
0.635030	2.8
0.636027	1.3
0.636430	1.6
0.639396	3.4
0.640290	2.8
0.640483	2.4
0.643611	2.2
0.645265	1.9
0.645725	1.8
0.648255	1.6
0.648692	2.5
0.650875	2.2
0.652725	1.8
0.654719	1.5
0.655020	2.1
0.655554	1.5
0.659012	2.0
0.659893	1.4
0.662766	2.0
0.663241	2.9
0.664809	2.0
0.667676	1.8
0.668526	1.3
0.672273	2.0
0.674448	1.5
0.674914	2.1
0.675169	1.9
0.677784	1.4
0.678628	1.9
0.679308	2.2
0.680228	1.6
0.681563	1.8
0.681587	2.1
0.685307	1.9
0.688458	1.5
0.688722	4.7
0.697186	3.4
0.698496	2.1
0.698867	2.1
0.699727	1.8
0.701701	1.9
0.703754	2.1
0.704600	1.6
0.705229	1.6
0.705413	1.8
0.705709	1.4
0.706000	1.7
0.711652	2.9
0.715665	1.5
0.716354	3.5
0.718978	1.7
0.719349	1.4
0.719497	1.7
0.720184	3.6
0.721297	1.5
0.725165	2.5
0.725368	2.2
0.725610	1.9
0.730700	1.5
0.731475	2.5
0.731702	2.2
0.735606	1.5
0.736131	1.6
0.736432	1.9
0.737331	2.0
0.737656	2.0
0.740827	1.8
0.742958	1.5
0.743626	2.6
0.744232	3.2
0.751406	1.9
0.754016	2.5
0.755001	1.8
0.757502	2.2
0.759167	1.6
0.759513	2.0
0.761646	1.7
0.762840	1.9
0.763947	4.2
0.765673	2.3
0.765780	2.4
0.766413	3.3
0.766857	2.1
0.768510	1.7
0.769298	2.5
0.772193	1.5
0.772779	1.9
0.774614	1.7
0.774969	3.3
0.775681	3.4
0.776441	2.7
0.786144	1.5
0.786532	1.6
0.786972	1.8
0.788227	2.3
0.790650	1.4
0.791036	2.2
0.791493	2.1
0.792062	1.3
0.794881	4.8
0.797795	2.5
0.798311	2.9
0.802284	2.1
0.802857	2.0
0.805381	1.8
0.805992	1.2
0.806241	2.5
0.809160	1.7
0.809481	2.0
0.814524	2.8
0.817239	2.0
0.820420	1.7
0.822623	1.5
0.823555	1.9
0.824121	1.6
0.826560	1.9
0.827694	1.8
0.827783	1.6
0.828468	2.3
0.829078	1.6
0.832551	2.0
0.835516	1.5
0.836435	1.9
0.840141	2.1
0.840679	1.6
0.840830	1.7
0.842154	1.2
0.847395	1.6
0.849755	1.5
0.850435	1.4
0.851184	1.9
0.852879	2.3
0.854216	1.4
0.855659	2.4
0.856771	1.6
0.857025	2.7
0.857106	2.8
0.862198	1.6
0.862992	2.5
0.863669	1.2
0.864265	1.1
0.864929	2.4
0.866966	1.7
0.867043	4.6
0.873529	1.3
0.874062	2.1
0.874875	1.4
0.876057	1.9
0.877078	1.9
0.877683	0.9
0.878187	1.3
0.878657	1.2
0.879107	2.1
0.879224	3.5
0.880595	1.5
0.880900	1.8
0.882918	2.0
0.887120	1.9
0.887656	3.2
0.888048	2.3
0.891456	2.0
0.893510	2.1
0.897597	1.9
0.898500	1.4
0.899380	1.7
0.899767	1.5
0.903447	1.6
0.904234	2.2
0.905423	1.5
0.905909	1.9
0.909082	2.0
0.909536	1.6
0.911265	2.2
0.912235	1.9
0.913571	1.6
0.915506	1.5
0.917866	1.8
0.919117	2.5
0.919546	1.3
0.921372	2.2
0.921937	1.1
0.928669	2.1
0.929196	1.5
0.931240	2.7
0.934567	2.6
0.934920	2.1
0.936472	2.1
0.937189	2.1
0.942130	2.0
0.951136	2.1
0.951410	3.2
0.958482	1.6
0.959338	2.0
0.964924	1.5
0.969704	1.8
0.969874	1.7
0.970880	1.9
0.971158	1.6
0.971901	2.9
0.978797	1.4
0.978941	1.4
0.984160	1.4
0.985283	4.5
0.993754	1.9
0.994061	3.2
0.995640	3.1
1.001229	2.9
1.001783	2.0
1.005737	3.2
1.007071	1.5
1.012410	2.8
1.012910	1.6
1.013543	1.8
1.022323	1.4
1.023494	3.1
1.024377	1.3
1.024977	1.6
1.025314	1.4
1.029830	2.2
1.030064	1.4
1.030922	1.2
1.031593	3.6
1.032739	2.1
1.038959	1.9
1.041773	1.2
1.041860	1.7
1.043281	2.6
1.044059	4.6
1.053583	1.1
1.054109	1.7
1.058075	1.0
1.058122	1.3
1.058562	2.6
1.062320	0.9
1.062634	1.6
1.062962	1.0
1.063228	1.1
1.064706	2.5
1.070871	2.4
1.073289	1.6
1.073813	2.0
1.075198	3.0
1.076221	1.2
1.082918	1.4
1.083912	1.4
1.084424	1.5
1.084783	1.7
1.084899	2.2
1.087689	1.6
1.088419	1.8
1.090627	1.7
1.090945	2.2
1.095759	3.4
1.105111	2.9
1.109486	1.9
1.112197	1.8
1.112737	2.5
1.118661	2.7
1.122922	2.7
1.123448	1.6
1.125346	1.2
1.125677	1.7
1.126630	1.2
1.127263	2.0
1.128754	2.7
1.133852	1.4
1.134429	1.8
1.136608	2.3
1.138175	2.1
1.143051	2.5
1.145340	3.5
1.151044	2.1
1.151619	2.6
1.158350	1.7
1.158631	1.9
1.162740	2.0
1.164172	1.8
1.164794	1.6
1.166920	2.0
1.169457	2.7
1.169930	1.3
1.174515	2.1
1.179845	1.2
1.180189	1.5
1.180513	1.9
1.182120	1.3
1.183031	1.5
1.183457	3.1
1.185125	1.6
1.185184	2.1
1.190079	2.3
1.191549	1.3
1.191686	1.2
1.192217	1.5
1.194755	2.8
1.195603	1.2
1.199126	1.6
1.199267	1.7
1.199552	2.5
1.199998	1.4
1.200925	1.5
1.205216	1.6
1.205858	1.4
1.206630	1.1
1.206891	1.9
1.208730	1.9
1.208941	1.8
1.209272	2.0
1.213142	0.9
1.213703	1.7
1.214310	0.7
1.215624	1.3
1.215795	1.3
1.218470	2.0
1.222154	2.1
1.226744	1.8
1.227035	1.4
1.228232	0.9
1.228449	1.6
1.228854	1.3
1.231152	1.5
1.231618	2.0
1.232601	2.0
1.239471	1.3
1.240002	1.5
1.240084	1.7
1.240738	1.9
1.241354	1.1
1.242346	1.0
1.248650	1.6
1.249241	1.1
1.249269	1.4
1.249762	1.3
1.253071	0.8
1.253553	1.5
1.253936	1.4
1.254769	0.5
1.258009	1.7
1.258342	1.3
1.258559	1.1
1.261798	1.5
1.263839	1.9
1.266747	3.0
1.267494	2.6
1.267973	1.8
1.269842	2.1
1.273876	1.7
1.274288	1.6
1.275665	1.2
1.275959	1.7
1.276872	1.8
1.278703	3.6
1.283727	2.1
1.284484	1.1
1.285444	2.3
1.287534	1.6
1.287830	1.4
1.294302	1.3
1.294873	1.7
1.295541	1.3
1.303572	1.8
1.303695	2.1
1.306640	1.0
1.307271	1.6
1.309093	1.4
1.309505	1.8
1.310407	1.5
1.313119	1.2
1.313636	3.3
1.317098	1.7
1.317908	1.9
1.318024	1.5
1.318984	1.5
1.320775	0.9
1.321331	1.8
1.322419	1.9
1.324432	4.0
1.325474	2.1
1.325842	1.5
1.326218	1.9
1.326802	1.7
1.335818	1.4
1.336604	2.5
1.338183	2.1
1.338284	2.1
1.338481	1.9
1.346461	1.4
1.346558	1.2
1.347382	1.3
1.352498	1.5
1.353007	0.9
1.353403	1.2
1.353802	1.4
1.354147	2.3
1.354733	1.9
1.356227	1.4
1.356625	2.4
1.361948	1.2
1.362021	2.0
1.362559	2.0
1.362746	1.7
1.363094	1.5
1.367476	1.1
1.367694	1.3
1.368312	1.7
1.371537	1.8
1.373304	1.6
1.373588	1.3
1.373878	1.7
1.379001	2.4
1.379474	2.5
1.392591	1.1
1.393026	1.9
1.396233	2.3
1.400981	1.9
1.402293	1.5
1.403854	2.0
1.405180	1.8
1.411450	3.6
1.418892	1.5
1.423686	1.6
1.423830	2.1
1.434158	1.6
1.435347	1.8
1.438635	2.4
1.438776	2.2
1.441780	2.2
1.445510	2.0
1.449240	2.1
1.453441	1.6
1.465984	2.0
1.466979	2.0
1.468739	3.2
1.468915	2.5
1.471354	2.2
1.476139	1.2
1.476424	2.6
1.481776	1.4
1.482012	3.1
1.492088	1.6
1.492878	4.3
1.499568	2.0
1.508243	1.7
1.508734	1.3
1.510945	1.5
1.513579	1.8
1.514350	1.3
1.515188	3.3
1.516379	2.1
1.516737	1.7
1.527117	1.7
1.528674	2.2
1.529688	1.3
1.534756	1.7
1.537435	1.5
1.543587	2.3
1.545517	1.6
1.546020	2.0
1.552209	1.6
1.552871	1.8
1.553202	1.7
1.555743	1.4
1.555916	1.7
1.557281	1.8
1.563657	1.7
1.569411	2.1
1.571966	1.6
1.574337	1.7
1.575417	1.1
1.579227	1.4
1.580738	1.6
1.581775	1.5
1.583224	2.8
1.584153	1.6
1.592399	2.2
1.598260	1.3
1.598808	1.8
1.601557	2.3
1.602448	1.2
1.605900	2.2
1.606690	1.6
1.608545	2.1
1.615757	1.7
1.621044	1.8
1.622022	1.5
1.622600	1.3
1.624844	1.6
1.626580	1.2
1.626664	1.7
1.627224	1.2
1.630574	1.9
1.631031	1.4
1.631114	1.6
1.634866	1.5
1.635253	1.1
1.641265	2.0
1.642460	2.1
1.645359	2.2
1.646274	1.6
1.648161	1.1
1.652369	1.4
1.652462	1.4
1.663539	1.7
1.677944	4.0
1.678903	3.1
1.681506	2.6
1.687647	2.7
1.696112	1.8
1.698104	1.7
1.709373	2.6
1.712741	2.0
1.714220	2.1
1.715449	2.2
1.716039	2.4
1.716814	1.7
1.717230	1.9
1.717966	1.9
1.720488	1.9
1.721020	2.0
1.725847	1.8
1.727401	1.8
1.727859	1.3
1.728036	1.7
1.729072	1.4
1.732323	1.8
1.733064	2.0
1.738878	1.3
1.739674	1.9
1.747495	2.6
1.753759	1.8
1.755693	1.4
1.756064	1.6
1.757761	1.4
1.759108	2.1
1.761253	1.6
1.762726	1.8
1.765006	1.5
1.766333	1.7
1.768147	1.8
1.785108	2.7
1.785985	1.8
1.786558	1.3
1.798058	1.6
1.799670	1.4
1.800283	1.8
1.801212	4.2
1.803439	1.6
1.805869	3.0
1.812676	2.7
1.816348	1.6
1.816419	1.6
1.817206	1.9
1.818616	1.8
1.819522	1.6
1.820958	1.8
1.822787	2.8
1.823390	1.8
1.824804	2.0
1.826205	2.6
1.830483	1.6
1.831859	1.4
1.832156	1.4
1.832606	1.6
1.833222	2.2
1.837089	3.1
1.839395	3.2
1.847852	1.7
1.850203	2.4
1.854832	1.4
1.855033	1.5
1.858375	3.2
1.860616	1.2
1.860933	2.4
1.862968	2.0
1.869387	0.8
1.869702	1.0
1.874139	2.1
1.880592	2.4
1.881075	1.6
1.884078	1.6
1.884465	2.9
1.885390	1.9
1.886719	1.1
1.887927	1.5
1.888495	1.1
1.889440	1.7
1.892779	2.1
1.895789	1.2
1.895963	1.9
1.896285	1.4
1.898206	1.6
1.898409	1.7
1.899056	1.8
1.899396	1.0
1.900535	1.6
1.903456	1.3
1.906816	1.9
1.915436	1.8
1.922768	1.4
1.924825	1.2
1.928861	1.6
1.931751	2.5
1.932537	1.8
1.934270	1.6
1.934722	1.9
1.934915	1.6
1.936754	2.2
1.942202	3.1
1.945849	1.9
1.947706	1.9
1.949123	1.9
1.954484	1.7
1.957469	1.3
1.957751	1.4
1.961252	1.7
1.961684	1.4
1.963615	1.9
1.964087	2.0
1.968391	2.9
1.974457	2.0
1.974637	2.8
1.976386	3.5
1.977488	2.2
1.980273	2.1
1.980346	1.9
1.987270	1.5
1.988211	1.5
1.991146	2.4
1.992145	1.2
2.001297	1.5
2.001386	1.1
2.003131	2.2
2.009024	2.3
2.011058	1.6
2.011572	1.1
2.013433	1.3
2.014964	1.9
2.017286	1.7
2.018033	1.9
2.034066	1.3
2.035335	1.7
2.035888	1.9
2.040929	1.4
2.044496	2.0
2.044917	1.2
2.045316	1.6
2.046970	1.5
2.047381	1.4
2.047686	1.4
2.056475	1.9
2.057001	1.2
2.058012	3.5
2.058660	3.6
2.067616	2.0
2.068856	2.1
2.072659	1.7
2.074247	2.3
2.083349	1.7
2.083921	2.2
2.084583	1.7
2.088305	1.5
2.090251	1.9
2.108216	1.4
2.111737	1.9
2.112997	2.0
2.124038	1.6
2.127883	1.7
2.133230	1.6
2.135764	1.8
2.135883	1.6
2.151062	1.3
2.157403	2.7
2.157973	2.1
2.158202	2.0
2.162563	2.3
2.168272	2.3
2.185783	2.2
2.193707	2.9
2.194362	1.7
2.198701	1.6
2.199443	2.3
2.199620	2.5
2.200251	1.6
2.200831	1.4
2.201303	4.0
2.203693	2.7
2.207002	2.1
2.208453	2.5
2.211703	1.4
2.212213	1.8
2.217366	1.7
2.219464	3.1
2.229793	2.0
2.237674	1.5
2.248508	2.3
2.256302	1.8
2.256608	2.2
2.258395	1.6
2.273644	2.8
2.294668	1.9
2.295511	1.6
2.296943	2.0
2.297190	1.5
2.299328	1.6
2.300125	2.1
2.308439	1.8
2.311401	1.7
2.321718	1.9
2.330286	1.6
2.332687	1.7
2.337806	2.9
2.341613	2.2
2.344922	1.2
2.345012	2.1
2.356360	1.4
2.362972	1.2
2.364648	1.5
2.375195	1.5
2.375988	2.1
2.377176	1.1
2.377551	2.6
2.382889	1.7
2.397813	3.8
2.406481	2.9
2.411022	2.4
2.411077	2.1
2.423445	2.1
2.433148	1.2
2.437104	1.6
2.440960	1.0
2.441908	1.1
2.454396	2.1
2.454548	1.7
2.454745	1.5
2.462376	0.9
2.462674	2.2
2.463027	1.1
2.464568	2.7
2.465691	1.9
2.475669	1.6
2.477511	1.1
2.477948	2.3
2.478482	1.0
2.483297	1.7
2.486590	1.7
2.494224	1.3
2.500777	2.0
2.502869	1.5
2.503881	2.3
2.510441	1.4
2.511423	1.5
2.512044	1.1
2.514622	1.5
2.514662	1.5
2.516726	1.4
2.542391	2.6
2.542967	2.2
2.544087	1.2
2.544356	1.7
2.547790	3.1
2.549884	1.9
2.550519	4.2
2.550901	3.2
2.573741	1.9
2.583088	1.0
2.583448	1.8
2.584247	0.9
2.586319	2.3
2.587082	1.0
2.591477	2.3
2.600854	1.8
2.605669	1.3
2.608195	1.6
2.613736	1.4
2.617299	1.8
2.617472	1.3
2.620693	1.3
2.624599	1.3
2.625006	4.1
2.626223	1.3
2.637272	1.2
2.643213	2.2
2.644323	0.9
2.651990	1.5
2.652941	2.1
2.659676	1.6
2.662277	1.5
2.670756	0.9
2.671730	3.1
2.682891	1.6
2.686431	1.8
2.686879	1.9
2.691129	1.2
2.692751	1.5
2.696231	1.1
2.696829	1.6
2.698435	1.8
2.707892	2.4
2.713907	2.4
2.718092	1.7
2.725687	1.9
2.726692	2.7
2.732274	1.4
2.733599	1.3
2.737041	1.6
2.737226	2.0
2.738957	2.3
2.741995	2.4
2.744517	1.3
2.744838	1.8
2.745526	1.9
2.745852	1.4
2.756758	1.2
2.756833	1.5
2.757188	1.1
2.757675	1.0
2.757974	1.9
2.758303	1.5
2.759972	1.0
2.760441	0.7
2.760661	0.8
2.761393	1.4
2.767195	1.3
2.767924	0.9
2.770822	1.7
2.772893	1.4
2.773679	1.5
2.775519	0.9
2.777624	1.9
2.780463	1.6
2.783267	1.6
2.784814	1.0
2.784849	1.5
2.785791	2.2
2.788545	2.1
2.791999	1.6
2.793974	1.7
2.795925	1.5
2.796134	1.2
2.799643	1.4
2.800017	1.3
2.802554	1.6
2.814578	1.3
2.825605	1.6
2.826289	2.0
2.828920	2.4
2.832961	2.3
2.835292	1.3
2.835612	1.7
2.835870	1.4
2.839129	2.2
2.844987	1.2
2.845344	1.1
2.845629	1.3
2.854916	1.1
2.855493	1.7
2.856559	1.0
2.864731	1.2
2.878455	1.0
2.879006	1.4
2.883717	1.8
2.883792	1.9
2.886916	1.7
2.892743	1.2
2.892922	0.7
2.904064	1.4
2.905004	1.1
2.905431	1.8
2.905878	1.2
2.906176	1.1
2.909262	1.7
2.910446	1.3
2.911099	1.3
2.911697	1.2
2.917099	1.3
2.921343	3.0
2.927984	1.3
2.928628	1.5
2.931069	1.5
2.931731	1.5
2.935598	2.2
2.943189	1.2
2.943842	2.1
2.947581	2.0
2.949570	2.6
2.951226	1.3
2.956754	2.0
2.959824	2.7
2.965796	1.7
2.966230	1.1
2.967844	1.7
2.970880	1.6
2.977389	1.3
2.978545	1.6
2.979216	1.5
2.979517	1.7
2.986785	1.3
2.990534	1.1
2.999551	2.0
3.000674	1.7
3.007707	2.1
3.009843	1.2
3.012791	1.7
3.015575	1.9
3.021085	2.0
3.028982	1.3
3.032258	1.3
3.032374	1.4
3.039536	1.2
3.043022	0.9
3.043597	1.5
3.043980	1.1
3.044769	1.5
3.045774	1.2
3.052192	1.5
3.069631	1.5
3.074672	1.9
3.080284	1.7
3.087108	1.4
3.090080	2.0
3.095294	2.6
3.102161	1.5
3.106105	3.3
3.114740	1.0
3.115068	1.9
3.119087	2.1
3.124080	3.1
3.130258	1.8
3.148589	1.8
3.149207	1.0
3.149604	1.4
3.152182	1.4
3.153903	1.7
3.161210	1.7
3.170218	1.3
3.176064	1.5
3.182838	1.4
3.205282	2.0
3.220536	1.6
3.235307	1.3
3.235771	1.7
3.236926	1.6
3.239752	1.7
3.240801	1.2
3.248613	1.5
3.249894	2.1
3.251490	4.4
3.258143	2.3
3.260687	3.1
3.267206	1.9
3.273269	2.1
3.274889	2.3
3.282454	1.3
3.298374	1.6
3.300844	1.7
3.306377	3.1
3.312804	1.8
3.334611	1.6
3.363518	2.0
3.368831	1.8
3.377337	1.8
3.399649	2.4
3.403418	1.4
3.410809	3.6
3.412364	1.8
3.412591	1.9
3.418087	1.4
3.418286	2.1
3.418605	1.6
3.422927	3.5
3.424129	1.0
3.430588	2.0
3.435054	1.8
3.438168	1.7
3.439937	2.0
3.441626	1.3
3.441784	1.6
3.442638	1.5
3.448683	1.5
3.459361	1.7
3.465374	2.0
3.478289	1.9
3.486483	1.6
3.488042	1.4
3.488486	1.0
3.489739	1.9
3.490071	1.5
3.495949	1.2
3.496158	2.3
3.496462	1.2
3.501236	0.9
3.502192	1.5
3.508983	1.4
3.510073	1.7
3.511275	1.2
3.511420	1.5
3.512808	1.5
3.521696	1.1
3.528368	1.2
3.531609	1.3
3.549967	1.3
3.550939	1.2
3.553091	1.4
3.556171	2.4
3.556471	1.4
3.560599	1.4
3.570831	1.1
3.576839	1.0
3.584922	1.7
3.597073	1.1
3.597714	1.4
3.602436	1.8
3.602908	1.1
3.612749	1.6
3.618413	2.3
3.624351	1.2
3.624817	1.7
3.624884	1.4
3.625672	1.3
3.629502	1.2
3.639736	2.1
3.650166	1.4
3.668051	1.3
3.677127	1.5
3.678799	1.5
3.682491	1.5
3.682958	1.4
3.692899	1.5
3.702222	1.2
3.705536	1.4
3.706053	1.3
3.709193	1.6
3.709705	1.6
3.713857	2.3
3.719941	1.6
3.720325	2.2
3.721200	1.4
3.725564	1.3
3.730380	1.6
3.731659	2.3
3.735850	2.7
3.738639	2.7
3.747097	1.6
3.756665	1.5
3.774655	1.6
3.783250	1.2
3.784127	1.2
3.786496	1.5
3.786948	0.9
3.789296	1.9
3.790140	1.1
3.794962	1.7
3.795315	2.1
3.797273	1.4
3.800475	1.7
3.800988	1.1
3.805527	1.5
3.816038	2.0
3.816961	1.1
3.838970	2.2
3.847274	1.9
3.851050	2.0
3.853622	1.3
3.854021	2.8
3.856234	1.6
3.856997	1.0
3.857494	2.4
3.873537	1.3
3.894653	1.5
3.895286	1.1
3.905641	1.6
3.909037	1.2
3.912169	2.7
3.912848	1.5
3.917845	1.6
3.919863	1.6
3.920676	1.0
3.938825	2.1
3.942589	3.0
3.952737	1.2
3.961517	1.1
3.961679	0.9
3.962235	1.1
3.969556	2.3
3.976077	1.2
3.982411	1.9
3.988796	2.1
3.992186	1.1
3.992811	1.0
3.993097	0.8
3.994303	1.4
3.995477	1.5
3.999066	2.0
4.014662	1.6
4.025427	1.4
4.031443	3.5
4.040413	1.5
4.043867	1.2
4.053546	2.3
4.057968	1.5
4.060116	1.9
4.069602	2.6
4.071456	1.7
4.079092	1.5
4.083398	2.7
4.125174	1.2
4.133541	2.4
4.137607	1.9
4.139125	2.6
4.139675	1.9
4.166282	1.3
4.171172	1.3
4.190270	1.8
4.196283	1.2
4.203900	2.0
4.204312	1.5
4.214849	1.9
4.219917	1.5
4.220451	1.2
4.224991	1.3
4.229652	2.5
4.242446	1.4
4.243499	1.0
4.255276	1.8
4.257290	1.7
4.257367	1.6
4.260609	1.7
4.272304	1.6
4.291854	1.3
4.292108	1.0
4.300803	1.7
4.305039	1.5
4.306080	1.2
4.306657	0.9
4.310969	0.9
4.311675	1.5
4.323801	1.3
4.347466	1.0
4.348513	1.3
4.353474	1.1
4.357242	2.1
4.357525	1.5
4.364910	1.4
4.364967	1.5
4.370907	2.1
4.371721	1.2
4.387813	1.2
4.389564	1.2
4.391326	1.1
4.394128	1.8
4.400203	1.2
4.403935	1.1
4.404724	1.1
4.405636	1.1
4.406436	1.9
4.411168	2.6
4.414864	2.2
4.435261	2.0
4.442336	1.1
4.444077	1.6
4.465855	3.0
4.483249	1.2
4.490484	2.4
4.500632	0.8
4.501161	2.0
4.515155	2.0
4.518333	2.5
4.527427	0.7
4.530906	1.6
4.533464	1.4
4.536049	1.4
4.540789	1.1
4.557672	0.7
4.565726	0.9
4.567320	1.5
4.568060	1.5
4.569213	1.8
4.570446	1.2
4.570629	1.2
4.577402	1.4
4.577524	1.3
4.579013	1.0
4.581665	1.5
4.588488	1.1
4.588991	1.8
4.591267	2.0
4.592252	1.4
4.593681	2.7
4.600538	1.1
4.601351	3.3
4.612719	1.6
4.617936	2.2
4.623401	1.8
4.624865	1.2
4.633192	1.8
4.633930	1.6
4.634247	1.3
4.635345	1.1
4.636663	1.4
4.638199	1.4
4.642961	4.3
4.658761	2.6
4.674616	1.7
4.675758	2.8
4.681150	1.6
4.683550	1.6
4.693063	1.3
4.694775	1.4
4.695477	1.1
4.698039	1.4
4.702574	2.5
4.706835	1.6
4.715455	0.5
4.715998	1.9
4.720157	1.1
4.734998	1.8
4.736718	1.3
4.737375	1.2
4.741533	1.5
4.745840	1.1
4.746200	3.0
4.750591	1.4
4.754632	3.1
4.766276	0.9
4.766708	1.9
4.775551	1.3
4.778602	1.1
4.779864	0.7
4.780666	1.2
4.784665	1.3
4.787855	0.9
4.813143	1.3
4.823938	1.2
4.828664	1.2
4.831424	1.7
4.836811	1.9
4.843141	0.9
4.851620	1.5
4.853758	1.3
4.857698	1.1
4.858862	2.2
4.859230	2.0
4.862943	0.7
4.870856	1.0
4.874796	0.7
4.875776	1.4
4.877565	1.4
4.879495	2.2
4.888409	1.3
4.895107	1.3
4.896922	1.2
4.903875	1.4
4.908387	0.9
4.910646	2.0
4.913681	1.2
4.914382	2.1
4.924816	1.9
4.929268	1.8
4.932623	1.3
4.933248	0.8
4.942295	1.2
4.944684	1.4
4.949286	1.0
4.950523	0.9
4.962501	1.5
4.965007	2.2
4.965695	0.7
4.979239	2.8
4.990384	1.3
4.990736	1.0
4.994998	1.6
5.000571	1.5
5.001180	0.8
5.009287	0.7
5.009893	1.1
5.020541	0.9
5.020692	0.8
5.021544	1.0
5.027966	1.2
5.036897	1.2
5.042209	1.2
5.049922	1.8
5.050115	1.5
5.057509	1.0
5.063479	1.1
5.064592	1.3
5.066946	1.1
5.067287	1.2
5.068344	1.1
5.083561	2.2
5.088659	1.8
5.089443	1.1
5.101882	1.2
5.118605	1.6
5.120297	2.2
5.148882	2.4
5.150868	2.0
5.152287	2.0
5.173181	2.0
5.179091	1.7
5.193266	3.3
5.199312	2.3
5.212947	1.7
5.215478	2.2
5.221559	1.9
5.222128	1.4
5.229787	1.3
5.235760	1.4
5.238183	1.4
5.241381	2.3
5.245036	1.5
5.252808	1.5
5.270519	1.8
5.275286	3.5
5.285024	1.2
5.290023	1.9
5.296209	1.3
5.297156	1.9
5.303463	1.8
5.309754	1.2
5.331041	2.6
5.345557	2.7
5.352626	1.3
5.355921	2.0
5.356499	1.0
5.372861	1.4
5.373114	0.9
5.375351	1.5
5.375970	1.6
5.376365	1.3
5.381040	1.4
5.393023	1.2
5.397937	3.0
5.424731	0.8
5.425446	1.8
5.426169	1.4
5.444896	0.8
5.445513	1.4
5.448847	2.0
5.454221	1.7
5.467471	1.7
5.468274	3.0
5.486990	1.4
5.487390	2.1
5.497160	0.8
5.497716	1.7
5.523231	1.4
5.532091	1.6
5.533064	1.3
5.533400	1.5
5.540098	1.4
5.565238	1.5
5.576792	1.1
5.593682	1.1
5.594076	1.3
5.594567	1.1
5.604229	1.4
5.604533	1.2
5.613445	1.5
5.614407	1.5
5.629290	1.3
5.637348	1.9
5.641435	1.7
5.649030	1.2
5.649568	1.1
5.660865	1.7
5.666217	2.0
5.680189	1.0
5.680680	2.1
5.686153	1.5
5.713539	3.0
5.727187	1.6
5.733063	1.5
5.738386	1.2
5.743817	1.9
5.746721	1.8
5.752377	1.1
5.752675	0.9
5.776873	1.4
5.779910	1.4
5.782096	4.2
5.790795	1.0
5.791418	1.6
5.792533	1.8
5.807357	1.4
5.812872	1.3
5.818603	2.4
5.819022	2.6
5.822238	1.7
5.840026	2.1
5.850684	1.5
5.852514	3.3
5.869856	1.3
5.885722	1.0
5.887169	1.8
5.936093	0.8
5.940742	1.0
5.947452	1.9
5.955060	1.8
5.956398	2.4
5.961279	1.6
5.964184	1.7
5.964520	1.3
5.966425	1.4
5.966988	1.1
5.973979	0.9
5.974203	1.5
5.987877	1.4
5.995120	1.4
6.010840	4.7
6.022872	2.3
6.039890	1.1
6.043787	1.0
6.044272	1.5
6.048495	1.8
6.055948	1.8
6.065266	1.1
6.069791	1.9
6.070588	2.4
6.076585	1.2
6.077127	1.2
6.093322	1.2
6.093927	1.2
6.109897	1.2
6.110687	2.1
6.116761	1.6
6.129092	1.4
6.134086	1.6
6.145746	2.2
6.149319	1.6
6.150915	2.3
6.153496	1.6
6.231935	1.3
6.237745	1.9
6.259874	1.4
6.274200	1.9
6.278235	1.7
6.290134	1.5
6.293860	2.0
6.302480	1.4
6.304924	2.4
6.314228	1.3
6.321617	1.3
6.332202	1.6
6.333361	1.4
6.369024	2.2
6.385870	1.4
6.399328	2.7
6.409549	1.6
6.412294	1.4
6.416859	1.4
6.448093	2.0
6.456171	2.2
6.459965	1.8
6.463266	1.5
6.468104	1.3
6.469970	1.8
6.475420	1.7
6.492128	1.2
6.494122	1.5
6.494531	1.6
6.521992	2.1
6.531789	1.7
6.536037	1.4
6.554922	1.8
6.570108	1.1
6.589449	1.4
6.605057	1.7
6.608808	2.0
6.613400	1.3
6.627137	2.7
6.636504	1.5
6.637443	1.9
6.664856	4.3
6.693796	2.2
6.722426	1.5
6.723480	1.8
6.723986	2.7
6.733473	2.6
6.746010	1.8
6.754954	1.2
6.772044	1.2
6.779650	2.8
6.782835	1.6
6.785083	2.3
6.791516	1.8
6.792662	2.6
6.804482	1.7
6.821170	1.4
6.826396	1.9
6.837892	1.7
6.842808	2.1
6.851038	2.0
6.857211	1.4
6.861628	1.3
6.872241	2.2
6.879691	2.5
6.890959	1.7
6.898959	2.3
6.904930	2.1
6.912857	1.9
6.915630	1.7
6.918522	3.6
6.925490	2.1
6.932576	1.5
6.979857	1.5
6.999450	1.8
7.006310	1.4
7.006594	2.5
7.007186	1.1
7.021573	1.9
7.027860	0.9
7.029365	2.2
7.041839	2.3
7.052941	1.8
7.055570	1.2
7.055672	1.5
7.072468	1.8
7.110026	1.7
7.151064	2.8
7.165293	2.2
7.188882	2.3
7.225605	1.5
7.239777	1.6
7.244483	2.2
7.253751	2.0
7.262159	1.8
7.270767	1.1
7.271656	1.3
7.284739	1.8
7.295712	1.9
7.318002	2.0
7.340056	1.6
7.373624	1.5
7.392927	1.7
7.415538	2.3
7.422943	1.7
7.430812	1.3
7.431147	1.6
7.499309	1.3
7.526589	1.5
7.537989	1.2
7.539420	2.1
7.569259	1.3
7.586711	2.0
7.626584	1.5
7.653054	1.9
7.716231	1.3
7.721500	1.9
7.730885	1.4
7.776076	1.3
7.786137	1.5
7.798291	1.2
7.799545	1.2
7.810780	1.7
7.813842	1.8
7.815405	1.2
7.826603	1.0
7.829690	1.4
7.835941	1.5
7.848564	1.5
7.857629	1.8
7.884922	1.5
7.890093	1.9
7.925063	1.7
7.938668	1.9
7.939009	1.6
7.951405	1.3
7.954799	1.8
7.968789	1.3
7.979421	1.6
8.001285	1.7
8.016772	1.5
8.017107	1.8
8.030877	1.4
8.066058	1.4
8.105622	2.9
8.147363	1.7
8.170085	2.6
8.196678	1.4
8.203253	2.3
8.213794	1.7
8.227854	2.0
8.241599	2.0
8.251780	2.2
8.295959	2.4
8.309774	1.4
8.340899	2.3
8.341301	2.1
8.361281	1.5
8.369145	1.8
8.376785	2.5
8.415443	1.8
8.421316	1.5
8.421729	1.8
8.425301	1.8
8.444704	1.9
8.464269	1.6
8.478460	1.6
8.506355	1.2
8.508516	1.6
8.521525	2.5
8.530325	2.1
8.542699	2.7
8.548839	2.8
8.571748	2.0
8.580382	1.8
8.599883	2.1
8.639672	1.5
8.643256	1.6
8.646823	2.6
8.661520	1.1
8.662311	1.5
8.694929	2.4
8.707193	1.4
8.714294	1.4
8.715816	1.7
8.721628	3.6
8.725011	1.7
8.728534	5.1
8.731953	1.7
8.743428	1.6
8.744780	1.5
8.748731	2.4
8.754216	1.7
8.771224	1.5
8.773416	1.7
8.781833	1.3
8.782268	1.2
8.799540	1.3
8.801781	3.3
8.806474	2.5
8.811585	2.0
8.817640	1.9
8.822222	1.6
8.849053	2.6
8.857864	1.9
8.865119	1.8
8.875098	2.0
8.879562	1.4
8.882039	2.0
8.883175	2.8
8.891212	1.8
8.909424	1.5
8.929951	1.4
8.936000	2.4
8.942436	1.5
8.960461	1.3
8.998310	2.4
9.009912	2.2
9.023259	1.9
9.031284	2.2
9.095168	1.4
9.102765	2.6
9.116652	2.8
9.120937	2.6
9.128906	3.0
9.139238	2.5
9.158984	1.4
9.177337	1.7
9.181681	2.5
9.198454	1.6
9.224035	1.6
9.224753	1.1
9.235684	2.0
9.275406	1.5
9.282415	1.6
9.307916	1.2
9.334371	1.2
9.340769	1.6
9.348558	2.3
9.355651	1.6
9.356383	2.7
9.359495	1.9
9.363266	2.7
9.404508	1.6
9.444402	1.4
9.455192	1.6
9.459509	1.7
9.463092	1.6
9.467847	1.9
9.472261	1.8
9.491102	1.9
9.511705	0.9
9.563383	1.3
9.568822	1.7
9.580022	1.6
9.599388	2.4
9.602260	1.6
9.609771	1.1
9.610370	1.6
9.628489	1.3
9.645806	2.2
9.646911	1.3
9.661332	1.6
9.723105	3.2
9.752943	3.1
9.753298	2.5
9.764179	1.6
9.782659	1.2
9.783603	1.2
9.801104	1.3
9.820482	1.5
9.862301	1.9
9.910055	1.3
9.915374	1.9
9.931088	1.3
9.940945	1.4
10.007918	0.7
10.008389	1.4
10.073314	1.2
10.088304	1.4
10.103934	3.3
10.139982	1.9
10.140452	1.5
10.256667	1.8
10.289783	3.1
10.332393	2.1
10.351293	1.6
10.351717	1.4
10.362887	1.7
10.382810	2.0
10.389202	1.9
10.428262	1.8
10.481818	2.8
10.496024	3.2
10.553249	1.7
10.575914	1.6
10.593302	2.7
10.628171	1.3
10.640178	2.3
10.678653	1.8
10.679200	1.5
10.703529	2.3
10.717081	1.7
10.718047	2.1
10.733793	1.5
10.735638	1.8
10.777858	1.6
10.832843	2.0
10.842454	2.4
10.855288	1.5
10.887801	1.5
10.898732	1.0
10.947302	1.1
10.948061	1.5
10.978035	1.1
11.026607	1.6
11.087217	2.9
11.096772	2.8
11.120335	1.2
11.152711	1.8
11.188179	1.4
11.203494	1.8
11.223017	1.8
11.255334	1.6
11.280815	1.3
11.315894	1.6
11.329107	2.1
11.368870	1.5
11.391181	1.1
11.423186	2.0
11.435095	2.5
11.461076	2.1
11.498235	1.4
11.527702	1.5
11.551109	3.0
11.563416	1.6
11.587970	1.3
11.589112	3.3
11.621630	1.5
11.627530	2.2
11.630393	2.2
11.638866	1.2
11.670098	1.5
11.702304	1.9
11.705171	1.2
11.744499	1.2
11.753886	0.8
11.754053	1.5
11.776817	1.4
11.777023	1.0
11.778019	2.6
11.796267	1.3
11.838618	1.3
11.854564	1.2
11.862887	1.9
11.913074	1.6
11.923813	1.1
11.929215	1.1
11.929599	1.0
11.961737	1.5
11.993074	1.8
12.014748	2.3
12.036277	1.2
12.037443	1.1
12.043091	1.6
12.043632	0.9
12.054614	1.3
12.070206	1.5
12.080102	1.5
12.088784	1.4
12.107979	1.5
12.124685	1.7
12.163047	3.0
12.183042	1.7
12.258030	1.5
12.276937	2.0
12.285862	1.5
12.306400	1.7
12.338988	1.9
12.362797	1.7
12.365763	1.3
12.392534	1.4
12.406651	1.9
12.427705	3.5
12.443571	1.7
12.447456	1.4
12.469790	1.8
12.470767	1.8
12.510870	1.8
12.553619	2.1
12.668331	1.2
12.707535	1.4
12.712259	1.7
12.720556	1.7
12.728283	1.3
12.737727	1.2
12.746713	1.7
12.826007	1.2
12.835437	1.4
12.854650	2.0
12.870030	1.5
12.872045	1.7
12.881867	1.5
12.931547	1.4
12.937923	1.0
12.938374	1.4
12.941002	2.6
12.988346	1.6
12.997585	1.4
13.001730	2.0
13.003521	1.3
13.004084	1.2
13.017541	1.2
13.020847	1.3
13.038254	1.7
13.051730	1.8
13.073614	1.5
13.153961	2.6
13.167136	1.9
13.167855	1.6
13.342986	1.6
13.352435	1.8
13.353273	2.2
13.372732	3.4
13.466652	1.8
13.499906	1.8
13.548945	1.8
13.550049	1.2
13.550269	2.1
13.580207	1.6
13.604747	1.6
13.609181	1.9
13.653420	1.5
13.656796	1.4
13.660175	1.8
13.665467	1.0
13.719898	2.1
13.815312	1.7
13.830888	3.6
13.846072	1.5
13.851355	1.8
13.852072	1.4
13.887169	1.3
13.893776	2.1
13.933521	1.8
13.939001	1.6
13.960497	1.4
13.993025	1.8
14.109333	3.0
14.110249	2.0
14.137500	1.7
14.159202	2.5
14.219636	2.0
14.242831	2.6
14.245922	2.2
14.408847	1.5
14.488495	1.7
14.515901	1.2
14.574512	2.4
14.637856	1.2
14.673294	1.7
14.687016	1.7
14.722354	1.7
14.742558	1.2
14.802034	1.5
14.824865	2.2
14.838812	1.4
14.852300	1.2
14.870276	2.1
14.871828	1.6
14.931261	1.7
14.937171	1.6
14.945230	1.4
14.949660	1.2
14.996549	2.5
15.002545	1.5
15.014383	1.8
15.055965	1.3
15.096337	1.6
15.114876	1.7
15.162088	1.8
15.175221	1.3
15.269530	1.4
15.290940	2.5
15.300544	2.0
15.301342	2.1
15.329013	1.9
15.412635	1.9
15.458228	1.6
15.523235	2.6
15.559650	1.8
15.563070	1.9
15.595940	1.6
15.616909	1.1
15.628663	1.5
15.644655	1.6
15.666191	1.7
15.667732	2.0
15.669450	1.4
15.671573	2.6
15.678360	1.9
15.711641	1.9
15.712337	1.2
15.730285	1.7
15.738445	2.2
15.738729	1.4
15.751279	1.0
15.756539	1.2
15.757393	1.4
15.770089	2.2
15.773444	1.5
15.776759	1.5
15.817581	1.5
15.825955	1.4
15.837194	2.0
15.865542	1.4
15.865619	2.0
15.877910	2.2
15.918730	0.9
16.026566	1.4
16.033575	1.8
16.047951	1.1
16.049011	1.3
16.050645	1.5
16.056328	1.5
16.078169	1.9
16.078500	1.5
16.141535	1.9
16.146991	1.6
16.161999	2.2
16.279891	1.9
16.298964	2.5
16.374758	2.4
16.419084	1.5
16.428794	4.0
16.429603	2.4
16.439306	4.2
16.497593	1.8
16.520069	1.9
16.540918	1.2
16.604458	1.4
16.632763	2.4
16.656412	1.4
16.656588	2.1
16.662437	2.1
16.663012	1.1
16.670732	1.4
16.687931	2.2
16.706040	1.9
16.837005	3.1
16.852891	1.1
16.889232	1.9
16.905734	1.9
16.948935	1.4
16.951068	3.6
16.959830	1.8
17.011767	1.2
17.053403	1.6
17.097568	2.0
17.129595	1.5
17.150197	1.5
17.274573	1.7
17.311068	1.5
17.355320	2.8
17.445736	1.3
17.456363	1.7
17.476119	1.3
17.490999	1.0
17.493720	1.6
17.543544	1.3
17.561814	2.1
17.603971	2.1
17.618096	3.3
17.634207	1.5
17.649480	2.3
17.714470	1.1
17.715245	1.6
17.742099	3.0
17.823643	2.6
17.895042	1.0
17.903892	1.7
17.912941	1.5
17.935415	1.2
17.968742	1.1
17.976221	1.6
17.993253	1.5
18.027814	1.7
18.042960	1.8
18.136597	1.6
18.182495	1.6
18.185774	1.8
18.249794	1.2
18.276041	2.2
18.363702	1.7
18.432704	3.7
18.436635	2.2
18.454071	1.5
18.485028	1.4
18.518204	2.1
18.538340	2.1
18.548632	1.6
18.553489	1.4
18.576764	1.6
18.577178	3.5
18.637124	1.2
18.701024	1.4
18.734054	1.6
18.745788	1.8
18.757814	1.4
18.773460	1.6
18.774484	2.3
18.780543	1.7
18.810543	1.4
18.834828	1.8
18.935597	1.5
18.947111	1.2
18.957499	1.6
18.960501	1.7
19.016711	1.4
19.039939	2.4
19.060841	1.5
19.060920	1.4
19.075424	1.7
19.095502	1.7
19.186210	2.5
19.198103	3.5
19.214900	1.7
19.225912	2.3
19.317218	2.0
19.342540	1.8
19.356091	1.2
19.401611	1.4
19.412873	1.9
19.453789	1.5
19.511370	1.7
19.511940	1.3
19.520622	1.6
19.582914	2.5
19.626371	2.0
19.630188	1.4
19.726564	1.8
19.729278	1.6
19.759463	1.7
19.767358	1.6
19.859639	1.5
19.866124	1.8
19.915768	2.8
19.925398	1.6
19.962275	1.6
20.029280	2.1
20.073667	1.6
20.115717	2.1
20.293379	1.7
20.300686	1.4
20.300935	3.4
20.302228	2.1
20.382465	1.8
20.433622	1.9
20.434222	2.1
20.453036	2.4
20.454110	1.5
20.489265	2.0
20.503279	1.6
20.503847	2.0
20.531793	2.9
20.540720	2.0
20.677529	1.5
20.683429	2.6
20.765205	1.3
20.770803	2.1
20.816087	1.6
20.847669	1.4
20.854280	1.8
20.956981	1.7
20.966748	1.5
20.986102	1.4
21.060111	1.6
21.102459	3.2
21.107727	2.6
21.125465	1.6
21.180374	2.0
21.184761	1.5
21.201959	1.8
21.304238	1.5
21.306811	1.5
21.414202	1.6
21.478669	1.3
21.562230	1.5
21.657958	2.1
21.749256	2.3
21.769779	2.9
21.803457	1.3
21.825792	1.7
21.829315	1.1
21.838133	1.9
21.856722	1.4
21.914562	1.8
21.952822	2.0
21.969415	1.6
22.002865	0.9
22.038433	1.5
22.061522	1.0
22.063820	1.8
22.113540	1.9
22.125942	1.7
22.146679	1.3
22.147471	2.3
22.171292	1.7
22.206760	1.5
22.327972	2.4
22.332333	1.5
22.332575	1.7
22.353859	1.7
22.370060	1.5
22.412273	3.2
22.428250	1.7
22.614958	1.1
22.646989	1.6
22.717846	2.1
22.792518	1.6
22.818646	1.1
22.831005	1.2
22.853795	1.0
22.875095	1.5
22.896144	1.7
22.903886	1.2
22.920904	2.2
22.947069	1.5
22.962589	1.0
22.965362	1.8
23.013562	1.4
23.027634	1.4
23.062922	2.3
23.108023	1.9
23.192139	1.9
23.272983	1.8
23.291897	1.1
23.313978	2.2
23.370531	2.4
23.425921	1.5
23.427357	2.7
23.474864	1.8
23.480777	2.0
23.523639	1.9
23.647537	1.6
23.721567	1.5
23.731741	1.9
23.874399	1.1
23.894312	2.0
23.897047	2.7
24.036241	2.3
24.067023	1.3
24.144452	1.4
24.194623	1.7
24.195098	1.6
24.267370	1.7
24.337054	1.6
24.397879	2.8
24.500002	1.5
24.598410	1.5
24.680058	1.5
24.860281	2.5
24.881445	2.0
24.937290	1.8
24.981887	2.2
25.029256	1.8
25.090348	1.4
25.203645	2.3
25.255298	1.7
25.362677	2.2
25.370737	2.2
25.409327	1.9
25.431003	1.2
25.497814	0.8
25.547292	1.9
25.547427	1.3
25.550222	1.9
25.606470	1.4
25.623530	2.6
25.650570	1.6
25.665516	1.2
25.703982	1.0
25.713317	1.7
25.714861	1.4
25.744371	1.6
25.780554	2.0
25.783981	1.2
25.870906	1.3
25.951759	1.5
25.952488	2.1
25.989619	2.0
26.004338	1.7
26.070680	1.3
26.074335	0.5
26.114172	2.1
26.228277	1.7
26.252806	1.9
26.253256	1.4
26.267796	2.1
26.389642	1.9
26.391773	2.5
26.431066	1.5
26.432862	2.0
26.443713	2.2
26.460008	2.5
26.469283	1.6
26.500786	1.7
26.504327	1.9
26.512177	3.1
26.555230	1.6
26.558698	1.7
26.561018	1.9
26.587457	1.6
26.591040	1.5
26.607847	1.3
26.825249	1.2
26.838651	1.0
26.909183	1.0
26.916008	1.7
26.924691	1.4
26.968251	2.5
26.969996	1.6
27.004774	1.2
27.006593	1.8
27.131630	1.1
27.181420	2.2
27.282018	1.1
27.311526	1.7
27.434178	1.6
27.476455	1.8
27.489401	1.7
27.505898	1.9
27.624279	2.6
27.688682	1.8
27.745266	1.5
27.867652	1.8
27.877745	2.7
27.889825	1.5
27.939157	1.1
27.977633	1.3
28.028453	1.7
28.055569	1.8
28.198535	2.5
28.301346	1.3
28.326858	1.6
28.437880	1.3
28.610724	1.2
28.729199	1.3
28.761469	2.3
28.803163	2.2
28.821797	1.7
28.860956	1.1
28.873211	1.1
28.967606	2.0
28.994413	1.6
28.995748	1.1
29.199356	1.0
29.239082	1.7
29.321293	1.4
29.373331	2.9
29.459141	1.3
29.552178	2.0
29.552493	1.2
29.554917	2.4
29.581444	1.4
29.583008	1.3
29.604327	1.4
29.618097	1.8
29.638111	2.3
29.670434	1.5
29.688035	1.3
29.707494	2.5
29.731681	1.6
29.772883	1.1
29.815499	1.5
29.929832	1.1
29.930385	1.3
29.939602	1.1
29.976054	1.3
30.062072	2.1
30.062237	1.9
30.251634	1.5
30.298930	2.5
30.387799	1.1
30.397854	1.5
30.400317	2.5
30.444342	0.9
30.471156	1.2
30.477972	1.5
30.550729	1.7
30.552603	1.4
30.693711	2.7
30.713139	1.6
30.718341	1.7
30.766375	2.2
30.822279	1.6
30.846072	1.1
30.890755	3.2
30.973362	1.1
30.977837	1.4
